$ANSIBLE_VAULT;1.1;AES256
66386133643633323931623633653933323162663939323130343165613661643361376562396133
3434616630313161333864623261396661316335303335620a666363336664303062613562353835
30303937346563346635323839323239663563646338666436303061363764323339306362633839
6430313932383030330a663836363166336339336261643864623461316637396264383564306163
30303335653433313934313434616437656161333665323966623739306239636132643035323061
61333066323738663866666166346261363034643438346339323336303662653264616663373539
62613231373136656566366231346539386334633332366639376563386632616238663365356137
37396261363937363833356136623133633438386538646162383236333039653561303263393530
36336461646332383436386339363365623065306236313533323334386363633837343461336437
64303030633865613562386666653366396366666634393062383436313466616264313131316264
62353866326636333235343639356138666231383632653761643635383165643034623331353531
31626364343063656431663132313631663865313335303332656566383264366531366231636437
34336666316337663732356136313437373166353861366632623430363831316235333439366537
63343638343061646337343838613039393139313962613637343564373334663966346336653738
32663730366663663230376136363933656437336235333138646639616239663661316231356362
65353831613133333161373963313630333263303734663239306462303765353135313664646431
32336264343662616235386164613764386266313534393861313562383364653564313962363734
34653333343862393161366332373363613837363065323766613966356338393230613338616562
30383961383462343730613239623837643664306665313233353833613839303565656634313132
30336361333266376438386533386361626334663734343337323465346136663534656162386433
36646536363366613139343062633437316536313763303836356434383838333638646231353534
66383131386265396535333835373961393538616363303137316639633031633363343862313536
39313336663337643232323362343334366261333261376531356337376332623037386561643439
39323339646239356433626632333133386561303936333935666436666330323262636130636437
33376139326466643139343561346438373130633161636165323938643137346237626336373039
30316265613530333730633030656265303162383933333032316365326234316136343532366434
63353236616665316561646532636364626561383831323462653362363039383736643066363535
32613430343066663337663662626239393061383032393366336633623437363435373731303664
37356231626339333331363361313938373036366161336631363232626338346234613139626231
32366130313237663166353639346334326434616135366334333132316435373038336634356563
30613064633632383030323738363530663930363532333833396537383737613835373337313737
39356135653836626238323865393133303132346638623066633533343537323636343462363466
35386136316561363638633632623465373037633136363637326333346237323939306665613964
64363639336237613236636431393038663735646131646239666565386262326131353537323031
66623534383633323462663965626361613634333466373166306438303534316462353536393538
65386233346336343530613436353139653837613838326134656135363666336463643138373338
32663332386337383132363038343931633238653065653366306462303138336537333334383363
65343666333338613732636239646635356366613466613863346239363433613562366236656235
33613837303934366463383431616532333838653336353135623961363634346535386665303462
35376237313339316438643932313931396534393762363362323962366631333262663532366535
61373337386461353661663363373862623034323235336266623665346530343537663036643862
30633132353966313838623630306637333932363238656462333438383862636462613437343836
66643161336134363261366363636336663761626564333733393330383136636464363732633436
37613331313861346435663231623839383834663061393563353538356335646330353364663361
61313830306538613365353230313333346532376138393666313365363734363133333165393362
31633465663130343165353735663532373530393465636563306633363665643961396437623961
32653861613036386236386537636664343134333033636336306534643865353239636337656238
66343162333132373736323131666332396137383866663035336665366238306461643361376332
36316361633365323434396433653062383138353433613738376632386132386166306635393630
65336631623361626563366536363262373436666562313662363834393964326335656236616466
39626636386536343666393235383835363863373230386234326165316562373138323866636164
33336361356335616264636132306533346366383238333464656265663462376436373236363835
38303064613935613233653734646665356230333531323162666461666230346331643933326339
62633335396639353131376431643038666432623364343966393235643262343031363666336538
34326464666633663436376631353334396134633861376163363834396239616336306663663238
36303434353332386338616634626130376463656566653533323136323032323036306136343432
34323137376461623934313339366136386430313363316234633530356365663337373338373539
37613330396630313437353334356161626663376362633864336632313336643635653937663963
39303137336339376266656532346636643562616334373838393638393832613831386465363661
35633333663234303862303037643866316165313537633462626661636262373563626430633032
31393163363563356466343031383133663933633739343764383138323164303433353962393030
31316638353835393638633232343035666466323134623936376336636162356135383739663634
66396365383766616664626161396564343263316532303835386462376163643931376661663630
37363764363939343639663637313863326136396337613939666261633930306364313530653763
31353030666663323366646337376663616564633638323766633736633038653565323833313633
30343163343836373361636564666535363561306662323537623338663036353935336435616230
39326234356363653738646138656338326137363461623039366533366663646335356637353438
38383335353436396631313637653533386631653036316130333165656665333365373638613261
62653839346239633534643363323564353662336233393337653532333561336136333434616261
62643234393465616633386463653938663437636337313237666435626634373731396165633938
31646435663062313530363439653065333562666236663064343738373262333765623837373930
37333464343035643831643066353436626430303561383532656535616537326137363232303032
65376435323437643330636239333031366631353939623237353263306630613366386431643662
31666637343761393532306537336464613537313731356538643866326662303639396333313031
38393036306636336435616139656365363830663534636439316436333432646335386532623666
61396265666334646437663637646639633764633232346238366231643431383036363062356338
31356666386634316562663037363038366532383233653366353238316265663162383134333966
31373838343731373933613064303461663239376263386636646632323461383138363666316162
65313532373264643736646133633135363564663466616237396534383639663462613865353132
64613264323661666137636663376634663533343931656332386336383433313235363231343934
33653032356430343639323731626238386438633139343936363861636135656437633432643762
37393437393364613963373133653231393264623835313137643765333865353561623565643633
61353463366130376164333163363664613662316338393337363465633138333764633534383034
63643962313665346465623932373732623533316238323831376639636163386161643032313763
31316564636363376664303661366531373833643932313163613430333331393965316662353733
32366432336261626537356431303531616662343936366162323333386463626463613262373639
63363666313238656166623235643363353137636334316438303262343431323731383264636263
31633465326263356235333066303534366439343033323765656639386535643430333831353937
37623739623038653632316638373134356661323738366262626234313832333236656466663439
65653535386134613735373435316164386130383566656563393837393439323539393930623339
31393436326230383037373238376630363963373639356534643930663530313566336335386362
37383433326362336264346164656138373739613133383030663866613434363062303335623632
32343630313034616333363766326164303963363630653063646137316264643961373265303939
33303562356538323061363131346365643062343430626333393139633435363466333934326261
64363037626261373939653637323336643263633563303434346130666162383836653932656436
31336361326436623963373162363263663135383634343066393735383235656231336661626634
39316431623733616566613734663536373763303337356264316565303765636162376466623937
62316338313465313533316431383363643961663931323266343166623839613036633663343539
64363464333437396261363365633133623666653238653038643733346539316638633537366335
32623331626465616639316364343630643362356431343636366461326332303037373039653662
37363530663136303532616264626564626537653031316438383963616132633936373830356463
39303831633434373762633737303765393730313662646561646539383163346466376465316134
64663132316333373033333566393561616535323434666235663233363965313662663564343239
36306333616635346337393964343233346635363937313539386231383663393366396334646335
66356266343263653264303132323966383363646137366636373461343437613662613931646661
38303864326330623830333536656263636461653131383539306632366536313336306431653537
65323139313737623366383766353732333066613736653163303335333664646263653039393836
35643236353937666235306331396234636566316561313433643539356538303231353133646661
64313235636334633961336461666361313265623433333832386230636132623135663638666434
33313331343736643362623436653934363661623163396435333937336233646232333832656439
62623238363938383638393431353237353964346133646134393635616666373062386534643964
30376431343531633733633231333335393664396539626337633337396262643764353663326638
34313137383537396339313339653461393066366434386133663961346666333630383563383062
62636539363161353661386239343535333931613863333933343734303761376634636263646438
33373230313363386531623761316332666536383034623737366565306435653638626338343232
61333363656632646261393638386136356536383036653834346632613730633738303137356336
62643466363430646636623531643265613538336433666261616263303839613235346633393634
62396338383963393038316536396531346565616666306365623664323738623235336631666530
66626336303237363530623866643665666665383737666239363134356164396438623161343639
32316337323366626665636535316662356633393533643139373966366639363464393366356365
62663435646333363462656563366332313064383631323631323032386433633137373762323961
32623430643839636565663434346263336663623137333633366465333431653538663538303730
35303432663732653333383666373364313463396235633337643935636239323832346265663032
62366363346431363939393436343832646437336634643463303838653463346438326132343561
36646531616133336235323661623437663638613135386431396438306433616465613762633434
30636361396362353236333137646437346535346637313535333338366336373739623865303136
30396265633830383564656330356566663330383865636336353666666436663662386233383539
39656535636337643134653730386638303737326130303838313939623839623133326438353633
65303464653235303365393139396333656330666435323466393439366635383436623865356534
39623436666432356161376262656464633139363634616564303739616436316134313132316263
39396261666232633162386630626265343861653164313131633836646163303662316662353065
66626232646532616465303362303738343930653231366431643533393230613236323337633266
66653431373564333662333263643436383064326135386231393037663336353838663530373138
6462363062356165636134396262383531363835623462666164
